inherit_from: "configs/mono/KITTI/base_config.yaml"

Dataset:
  dataset_path: "datasets/KITTI/p2_tum"
  begin: 0
  end: 847
  Calibration:
    fx: 1033.894287109375
    fy: 1033.7147216796875
    cx: 604.578857421875
    cy: 514.9761962890625
    k1: -0.00020782629144378006
    k2: 0.00018025403551291674
    p1: 0
    p2: 0
    k3: 0.0
    width: 640
    height: 512
    depth_scale: 100.0
    distorted: False

opt_params:
    position_lr_init: 0.0016
    position_lr_final: 0.00016
    init_lr: 6

Training:
    #alpha: 0.98
    mapping_itr_nosingle: 10


